0 410
0 502
410 994
502 474
994 200
994 303
994 342
474 501
474 478
474 411
474 443
474 451
474 475
1 331
1 894
331 456
331 831
894 181
894 897
456 454
456 703
456 958
456 941
456 577
456 381
456 310
456 548
456 580
831 206
831 843
831 964
181 610
897 610
897 205
897 334
897 506
897 547
897 723
897 896
2 97
2 99
2 403
97 99
99 200
403 391
200 32
200 34
200 272
391 890
3 268
268 10
10 120
10 784
4 11
4 12
4 13
4 92
4 235
4 483
4 823
11 12
11 13
11 57
11 219
11 282
11 888
11 999
12 13
12 112
12 113
12 823
12 888
13 281
13 282
13 823
92 112
92 113
235 744
235 745
235 775
235 823
483 15
483 173
483 438
483 564
483 918
483 1006
823 275
823 281
823 282
823 334
823 506
823 835
823 888
823 999
823 1005
57 171
57 256
57 767
57 999
219 168
219 171
219 256
219 415
219 767
219 999
219 1005
282 112
282 888
888 112
888 281
888 413
112 281
744 146
744 619
745 905
745 146
745 173
745 918
745 1006
775 438
775 197
15 128
15 135
15 192
15 270
15 415
15 760
173 133
173 462
173 707
173 844
173 845
173 847
438 128
438 230
438 918
438 1006
564 128
564 135
918 916
918 908
1006 916
1006 1004
1006 908
1006 917
275 958
275 849
334 896
506 955
506 299
506 313
506 504
506 505
506 507
506 508
506 580
506 636
506 743
835 330
1005 414
1005 849
5 454
5 703
5 958
454 381
454 455
454 703
703 426
703 455
703 694
703 742
958 198
958 261
958 836
958 960
958 961
958 1002
381 455
381 206
381 680
381 964
455 109
455 577
426 944
426 166
426 265
426 714
694 761
742 120
261 309
261 257
261 624
261 623
261 959
836 598
960 462
1002 598
6 263
6 972
263 130
263 131
263 389
263 957
972 90
972 130
972 131
972 721
972 956
972 957
130 132
389 86
389 87
389 390
389 698
957 20
957 61
90 467
721 971
956 341
7 91
7 398
91 509
398 399
509 363
399 724
8 359
8 866
359 787
359 815
359 949
866 820
787 987
815 494
949 552
820 111
820 660
820 904
9 364
9 754
364 180
364 357
364 782
754 103
754 252
754 626
754 641
754 642
754 643
180 450
180 126
357 993
782 832
782 719
103 428
252 928
626 807
626 786
641 309
641 284
641 354
642 309
642 284
642 717
643 354
643 402
120 37
120 49
120 276
120 321
120 383
120 464
784 256
784 257
784 309
784 321
784 623
784 824
784 825
37 50
37 52
37 298
37 383
37 568
37 850
37 951
49 568
49 125
49 269
49 271
49 327
49 392
49 748
49 759
49 859
49 864
49 902
49 1007
276 383
276 584
383 50
383 271
383 375
383 850
464 915
464 52
464 53
464 903
256 309
256 824
256 171
256 127
256 168
256 257
256 767
257 171
257 598
257 623
257 624
309 23
309 171
309 259
309 623
824 25
824 124
824 127
824 145
824 168
824 259
824 292
824 312
824 519
824 565
824 663
824 825
824 941
825 124
825 565
825 941
171 127
171 259
171 767
767 270
767 760
767 837
767 819
168 127
168 214
168 259
168 292
415 414
413 632
14 841
14 935
841 356
841 460
841 695
935 746
935 930
356 376
460 262
695 971
746 990
930 514
930 996
930 919
128 757
128 908
128 1004
192 184
192 814
270 184
270 819
760 184
760 230
760 819
757 916
757 244
908 839
908 827
1004 905
1004 55
1004 839
1004 175
1004 184
1004 551
1004 619
184 699
184 839
184 175
184 230
184 827
184 846
184 936
814 837
819 249
819 837
819 292
819 176
819 768
230 699
16 62
16 158
16 678
16 838
16 954
158 152
678 236
678 576
678 764
678 806
678 878
678 879
838 71
838 544
838 764
838 822
838 954
954 294
954 668
954 670
954 764
152 601
764 394
764 666
764 395
806 21
806 102
806 430
806 736
806 919
878 32
878 33
878 35
878 60
878 698
878 769
71 245
544 450
544 387
544 238
544 452
544 668
544 669
544 670
544 700
544 777
544 798
544 867
822 394
294 621
294 187
294 620
294 668
294 670
294 781
294 793
294 851
668 239
670 239
670 998
17 942
942 140
942 524
942 706
942 875
140 286
140 588
140 652
706 429
706 588
706 351
706 435
706 653
875 966
18 419
18 521
419 457
419 458
521 107
457 340
457 129
457 307
457 701
458 605
458 701
107 133
107 447
19 892
892 900
900 864
900 891
20 560
61 648
21 575
21 677
21 729
21 810
729 102
729 573
729 726
810 710
810 711
573 29
726 572
726 728
430 44
430 431
430 396
430 546
430 861
736 735
710 811
710 809
710 728
711 809
22 36
22 199
36 405
36 704
36 915
199 23
199 136
199 850
405 274
405 808
405 903
704 262
915 169
915 407
915 619
915 620
915 621
915 755
915 778
915 870
915 909
915 998
136 209
136 121
136 164
136 165
136 188
136 194
136 196
136 266
136 619
136 655
136 676
136 755
136 909
850 188
850 432
850 531
850 827
850 833
259 127
259 176
24 289
24 661
289 429
289 526
289 550
289 713
289 750
289 780
661 484
661 485
429 484
429 139
429 351
429 788
429 963
526 139
550 114
550 449
550 675
550 713
713 932
713 751
713 434
713 537
713 538
713 539
713 750
780 232
484 114
484 801
484 802
485 801
25 872
872 151
124 941
127 751
127 191
127 255
127 574
127 945
292 249
292 445
292 214
292 297
292 307
292 315
292 322
312 151
312 519
519 886
565 462
565 599
565 598
565 258
663 151
663 202
663 336
663 664
941 151
151 577
26 301
26 589
26 590
26 766
26 932
301 920
589 392
590 392
766 689
932 28
932 681
932 765
932 995
920 95
920 459
920 963
392 51
392 480
392 556
392 968
392 973
392 974
689 859
689 285
689 287
689 554
689 937
28 47
28 995
681 240
765 510
995 154
995 264
995 561
995 925
995 926
27 340
27 955
955 304
955 504
955 578
304 159
304 604
304 605
504 761
504 418
578 761
47 751
47 752
751 73
751 320
751 479
751 537
751 538
751 539
751 592
751 899
751 965
154 421
154 420
154 423
264 40
561 307
561 322
561 323
925 906
926 906
926 445
926 189
926 307
926 692
926 772
926 792
29 31
30 572
30 828
572 216
572 532
572 809
216 733
532 533
532 535
532 593
32 246
32 338
32 615
32 730
32 976
338 789
615 613
730 33
730 326
976 345
976 520
34 82
34 247
34 291
34 437
34 536
34 832
272 511
789 769
326 832
326 448
60 557
698 86
698 87
698 390
769 193
82 81
247 291
247 725
247 874
291 290
291 536
291 542
291 602
437 303
437 404
437 584
437 874
437 1000
536 540
536 874
832 740
725 69
725 342
725 597
874 50
874 52
874 53
874 170
874 231
874 422
874 423
874 541
874 542
874 625
874 1003
290 231
303 404
584 327
584 992
584 800
584 1003
1000 468
1000 183
1000 1003
740 993
274 903
808 406
808 440
808 441
903 759
903 864
903 902
903 870
903 406
169 759
169 655
169 870
619 905
619 916
619 839
619 137
619 187
619 846
620 165
620 196
620 239
621 164
621 165
621 196
621 187
621 239
621 998
755 165
755 137
755 998
778 300
778 227
778 222
778 353
778 440
778 441
909 121
909 857
998 440
998 777
998 441
998 461
998 669
50 269
52 271
52 298
52 327
52 568
298 444
568 70
568 269
951 70
269 607
271 992
327 96
327 781
327 992
444 421
444 423
444 297
375 96
375 165
375 188
375 194
375 196
375 781
375 851
70 129
70 224
70 421
70 597
70 990
188 209
188 196
188 793
432 165
432 196
432 316
432 793
531 165
827 715
827 988
827 177
827 178
827 185
827 244
827 316
827 498
827 607
827 833
827 913
827 983
833 209
38 207
38 986
207 44
207 477
207 579
986 883
44 42
44 67
44 208
44 300
44 396
44 450
44 868
579 208
579 401
883 882
39 160
160 950
950 362
40 433
433 153
153 129
41 93
41 862
93 529
862 59
862 657
529 241
529 656
529 733
59 162
657 366
657 596
42 644
644 329
644 637
644 645
644 720
67 871
300 478
300 781
396 801
396 802
450 126
450 425
450 452
450 501
450 867
868 601
868 650
637 166
637 193
637 570
637 639
637 640
637 826
637 886
645 817
43 431
43 952
431 952
952 877
952 880
877 664
880 881
880 570
871 962
478 840
478 475
781 227
781 187
546 675
861 675
126 468
425 702
452 443
452 451
452 453
501 78
501 411
501 453
501 691
501 928
867 443
601 732
650 674
45 741
45 966
741 416
741 527
741 595
741 672
966 595
416 408
527 558
672 408
46 807
73 74
73 134
73 434
320 887
479 945
479 480
537 449
537 539
538 539
592 166
592 322
592 1008
899 150
965 859
965 150
965 380
48 249
48 699
48 837
249 307
249 322
699 117
699 655
699 753
699 837
699 988
837 110
837 116
837 117
837 233
837 424
837 853
837 906
837 997
307 731
322 297
117 988
117 906
117 463
655 839
655 121
655 266
655 783
988 110
988 177
988 424
988 737
988 913
988 997
116 906
233 692
853 829
906 731
906 463
906 927
906 983
125 123
748 761
759 567
759 758
759 857
859 51
859 149
859 803
859 901
859 912
859 937
864 217
864 567
864 608
864 893
864 902
902 779
902 893
1007 106
123 174
607 463
607 936
607 737
992 96
992 818
556 675
968 335
973 335
974 335
974 975
761 462
761 295
761 299
761 313
761 505
761 507
761 743
149 652
149 860
803 118
803 288
803 587
803 860
901 68
912 631
912 503
912 937
937 490
937 686
217 891
217 840
893 891
170 215
422 420
423 129
423 421
423 597
423 445
1003 869
54 209
54 905
54 916
209 55
209 186
209 194
209 196
209 210
209 498
209 551
209 676
209 791
905 55
905 56
905 146
905 186
905 676
905 916
905 917
916 56
916 197
55 146
55 715
55 839
194 196
194 498
194 793
196 187
210 676
498 839
498 185
551 839
676 839
791 839
56 146
146 783
839 244
839 829
783 121
783 266
244 983
829 175
58 891
891 222
891 227
891 273
222 105
222 223
227 75
273 76
273 174
162 393
393 653
648 319
319 382
63 64
64 558
65 159
65 603
65 618
603 684
618 346
684 308
684 685
346 805
346 855
66 361
66 397
361 277
397 934
277 799
934 390
962 148
962 342
962 790
962 821
68 83
68 673
673 86
673 89
673 979
86 88
86 296
86 366
86 991
89 296
979 600
69 122
69 688
69 882
122 428
122 616
688 821
882 671
616 816
342 863
597 420
597 459
597 813
671 953
129 420
129 421
129 445
421 420
421 445
445 297
445 927
459 510
813 348
245 792
72 360
360 243
360 503
360 948
243 594
948 593
74 442
134 109
442 204
204 599
75 220
220 76
220 869
76 412
869 412
869 468
77 731
731 718
718 679
78 500
500 101
500 443
500 451
500 691
691 453
411 409
928 148
928 790
79 344
79 513
344 683
513 386
683 254
386 594
80 85
80 221
85 279
221 223
279 658
84 347
84 612
347 674
347 794
612 611
674 104
674 770
674 923
794 786
794 816
658 401
658 533
88 87
88 248
296 195
366 87
991 87
991 248
991 328
87 390
248 518
248 656
195 343
518 788
656 339
656 830
363 910
241 278
733 889
94 260
94 977
94 982
260 250
260 251
260 367
260 696
977 367
982 367
250 763
367 305
367 690
95 511
963 890
963 232
165 187
818 447
818 462
818 468
818 705
818 446
98 898
98 980
898 379
980 981
379 380
981 682
981 884
100 890
890 830
104 138
138 278
770 649
923 922
133 470
133 472
133 727
447 604
447 605
470 335
470 439
472 439
472 473
727 774
727 812
727 939
605 969
108 462
108 943
943 166
166 944
166 640
166 834
577 548
913 463
913 983
913 185
111 667
667 288
288 804
660 693
904 924
115 191
983 178
587 141
587 142
587 167
587 394
587 586
587 693
587 855
860 373
860 907
119 314
119 495
314 377
495 234
495 624
495 662
495 747
495 854
377 378
234 469
624 254
662 497
662 496
747 716
854 254
816 311
468 394
468 395
468 993
394 427
394 466
394 705
394 993
394 666
394 756
395 705
395 993
993 852
701 473
701 978
132 635
635 512
707 617
844 834
844 285
844 287
844 318
844 336
844 845
844 846
845 287
845 847
335 469
335 515
439 709
439 350
439 622
439 946
774 374
812 225
812 805
846 687
351 788
788 654
286 285
588 212
588 545
588 876
285 627
212 211
545 385
876 293
141 427
427 142
427 606
427 700
427 797
142 606
797 1001
797 308
797 349
797 685
797 722
167 632
167 634
586 634
855 805
855 856
143 374
143 400
374 267
374 659
374 773
400 324
267 632
267 634
144 734
734 465
465 762
147 466
147 738
147 739
738 486
738 488
739 486
739 488
739 984
486 350
488 555
984 622
373 372
907 931
150 333
333 682
336 664
336 665
664 228
732 690
155 387
155 388
387 306
388 306
306 798
156 702
156 910
702 889
157 785
157 863
362 293
161 944
944 834
834 617
834 848
163 283
163 985
283 646
283 1001
985 591
646 914
646 1001
591 632
640 967
265 295
265 873
714 989
1008 596
639 680
639 638
826 179
967 182
967 190
848 201
172 206
172 369
206 182
206 190
206 242
206 709
369 242
709 946
318 881
610 896
896 337
896 547
183 705
687 487
687 553
687 554
343 482
482 649
203 280
203 358
280 372
358 708
708 804
205 337
337 723
547 349
964 313
964 507
964 508
843 310
211 213
213 887
887 609
609 481
218 516
516 600
440 798
440 777
441 777
225 471
471 515
226 922
226 971
971 628
628 842
228 665
228 811
811 569
229 614
229 651
614 499
614 947
499 933
947 647
469 371
469 762
237 633
633 858
858 305
238 543
543 476
476 475
777 798
798 368
798 461
798 549
339 530
763 370
253 355
253 497
355 317
317 325
254 305
254 631
254 749
305 446
749 302
302 716
799 436
436 402
533 534
533 535
914 332
717 911
554 489
299 636
313 636
313 970
743 636
636 685
508 970
685 796
969 970
549 559
311 786
786 795
795 348
330 895
895 528
332 585
585 562
562 563
530 654
350 489
350 492
489 938
492 553
622 771
435 865
352 514
352 929
376 365
376 629
365 842
629 566
629 581
987 697
494 931
552 712
596 884
566 884
581 884
384 517
384 697
517 481
385 996
408 884
884 583
884 885
583 582
417 563
418 571
571 989
865 921
771 940
487 555
490 491
493 931
522 523
522 712
525 679
582 630
630 735
647 776
940 776
