0 965
0 978
0 1032
0 1097
0 1113
0 1125
0 1256
0 1321
0 1332
0 1366
0 1367
0 1395
0 1553
0 179
0 1
0 1873
0 1884
0 1895
0 1896
0 2084
0 2109
0 2259
0 2394
0 2455
0 2607
0 293
0 308
0 30
0 316
0 34
0 37
0 410
0 571
0 659
0 6
0 694
0 719
0 804
0 815
0 833
0 878
0 887
0 890
0 906
0 921
965 129
965 505
965 515
965 966
965 1356
978 129
1032 659
1032 829
1097 165
1097 244
1097 245
1097 333
1097 358
1097 410
1097 428
1097 505
1097 556
1097 870
1097 1098
1097 1128
1097 1329
1097 1473
1097 1807
1113 719
1113 877
1113 1114
1113 1400
1125 37
1125 106
1125 216
1125 217
1125 529
1125 582
1125 583
1125 834
1125 848
1125 1875
1256 129
1256 235
1256 704
1321 95
1321 173
1321 353
1321 426
1321 717
1321 1428
1321 1948
1321 2683
1332 129
1332 171
1332 259
1332 1432
1332 1716
1332 1758
1332 2477
1332 2506
1366 1367
1395 583
1395 618
1553 96
1553 254
1553 281
1553 323
1553 413
1553 571
1553 665
1553 675
1553 727
1553 894
1553 896
1553 907
1553 950
1553 1099
1553 1190
1553 1930
1 99
1 1333
1 1651
1 1889
1 1976
1 2029
1 257
1 2409
1 293
1 294
1 348
1 410
1 505
1 582
1 659
1 81
1 845
1884 1885
1896 191
1896 306
1896 890
1896 1242
2084 908
2084 1137
2084 1545
2109 725
2259 331
2259 1668
2259 2410
2455 2306
2607 2608
293 6
293 96
293 207
293 283
293 1179
293 1291
293 1369
293 1468
293 1506
293 1546
293 1582
293 2005
293 2040
293 2261
293 294
293 348
293 410
293 470
293 505
293 562
293 659
293 688
293 689
293 743
293 759
293 780
293 785
293 849
293 878
293 914
293 932
30 29
30 1159
316 36
316 95
316 96
316 147
316 283
316 315
316 1029
316 1185
316 1419
316 1640
316 1811
316 1912
316 2700
316 323
316 668
316 815
316 896
34 100
34 113
34 1120
34 1183
34 175
34 319
34 353
34 35
34 39
34 403
34 502
34 521
34 558
34 607
34 62
34 703
34 815
34 85
34 855
34 867
34 924
37 36
37 1162
37 1192
37 159
37 1529
37 174
37 1874
37 1987
37 216
37 320
37 39
37 428
37 439
37 490
37 503
37 553
37 567
37 583
37 696
37 70
37 749
37 760
37 85
37 878
410 95
410 129
410 196
410 285
410 361
410 409
410 987
410 1027
410 1455
410 1540
410 1704
410 1809
410 1976
410 505
410 594
410 848
410 849
410 927
571 129
571 448
571 1402
571 785
571 897
659 785
6 1785
6 207
6 744
6 7
6 780
6 890
694 247
694 327
694 418
694 422
694 438
694 500
694 1450
694 1530
719 54
719 744
804 99
804 1400
804 805
804 806
815 36
815 147
815 166
815 610
815 968
815 1185
815 1933
815 2722
815 2738
815 882
815 948
833 129
833 236
833 463
833 987
833 1444
833 1910
833 1938
833 2352
833 2599
833 2606
833 2618
833 2687
833 2764
833 834
878 96
878 129
878 1335
887 96
890 96
890 152
890 202
890 207
890 598
890 649
890 853
890 1014
890 1462
906 95
906 116
906 147
906 232
906 283
906 1029
906 1185
906 1198
906 1355
906 1398
906 1639
906 1905
906 2619
906 907
906 914
921 1654
129 1280
129 760
129 570
129 106
129 676
129 73
129 32
129 54
129 86
129 90
129 128
129 1081
129 1184
129 1194
129 1274
129 1312
129 1326
129 1359
129 1365
129 1402
129 157
129 1557
129 1563
129 1564
129 1627
129 1637
129 1789
129 1867
129 1880
129 1919
129 1952
129 2022
129 216
129 2110
129 2156
129 2200
129 2265
129 2396
129 2595
129 281
129 282
129 301
129 356
129 511
129 520
129 523
129 594
129 672
129 785
129 806
129 821
129 853
129 882
129 945
129 948
505 192
505 216
505 297
505 356
505 439
505 470
505 1356
505 1396
505 1904
505 2156
505 2238
505 2245
505 2333
505 2338
505 2452
505 2586
505 536
505 850
505 897
505 927
515 607
515 1338
515 148
515 416
515 39
515 558
515 85
515 320
515 54
515 109
515 149
515 206
515 1318
515 1340
515 1649
515 1973
515 2165
515 2359
515 620
515 776
515 793
966 1159
966 1335
966 1406
966 2147
966 1428
966 465
966 2204
966 2397
966 2663
1356 685
1356 948
1356 1760
829 610
829 172
829 373
829 812
829 2092
829 2720
165 140
165 1344
165 2095
165 256
165 358
244 123
244 164
244 95
244 1116
244 1118
244 1329
244 1586
244 245
244 945
245 105
245 1037
245 1127
245 333
245 358
245 556
245 851
333 945
333 105
333 1037
333 1127
333 1329
333 1586
333 1782
333 2374
333 358
333 424
333 441
333 556
358 191
358 1117
358 945
358 556
358 882
358 1037
358 1118
358 1227
358 1363
358 2154
358 2329
358 359
428 267
428 1255
556 1065
556 591
556 945
556 105
556 424
556 361
556 1037
556 1116
556 1127
556 1329
556 1586
556 1793
556 874
870 14
870 191
870 216
870 291
870 418
870 451
1098 2285
1128 216
1128 54
1128 573
1128 595
1128 812
1128 1517
1329 1127
1473 54
1473 470
1473 594
1473 1495
1473 1496
1473 2490
1807 760
1807 853
1807 361
1807 1826
1807 808
1807 2132
877 849
877 222
877 1471
1114 744
1400 99
1400 479
1400 1471
106 981
106 13
106 66
106 67
106 997
106 1013
106 1129
106 1350
106 1403
106 1489
106 174
106 202
106 243
106 2278
106 2589
106 2590
106 282
106 386
106 411
106 433
106 770
106 932
106 935
216 780
216 849
216 760
216 73
216 54
216 95
216 140
216 209
216 1070
216 1406
216 1886
216 2062
216 240
216 2453
216 2736
216 301
216 325
216 448
216 573
216 594
216 604
216 813
216 927
217 582
217 760
217 86
217 1305
217 1634
529 54
529 645
529 149
529 1188
529 1286
529 1634
529 1805
529 2150
529 667
529 677
529 754
582 67
582 87
582 259
582 567
582 1112
582 1122
582 1305
582 1494
582 1615
582 1825
582 1954
582 2547
582 2686
582 607
582 760
582 867
583 120
583 352
583 100
583 39
583 85
583 49
583 126
583 251
583 335
583 336
583 962
583 988
583 1080
583 1131
583 616
583 620
583 755
583 919
834 86
848 1976
848 5
848 8
848 1399
848 780
848 193
848 232
848 1180
848 1272
848 1280
848 1337
848 1904
848 1995
848 2255
848 849
1875 760
1875 86
235 123
235 889
235 194
235 588
235 534
235 1112
235 1087
235 236
235 268
235 836
235 1297
235 1314
235 132
235 976
235 1020
235 1239
235 1283
235 1291
235 1378
235 1600
235 1628
235 1672
235 1712
235 1766
235 1993
235 2296
235 2377
235 2485
235 2520
235 2554
235 281
235 2626
235 2697
235 334
235 351
235 367
235 449
235 634
235 650
235 654
235 736
235 761
235 799
235 865
235 879
704 118
704 238
704 524
704 843
704 1115
704 757
704 1014
704 1462
704 1648
704 1949
704 2582
704 2692
704 2748
704 705
95 849
95 123
95 339
95 455
95 397
95 773
95 96
95 987
95 1087
95 1320
95 1501
95 1571
95 1596
95 1696
95 1888
95 2072
95 2122
95 2127
95 2152
95 236
95 2223
95 2360
95 2419
95 268
95 2634
95 2713
95 2734
95 2766
95 328
95 470
95 610
95 747
95 836
95 850
95 945
173 1304
173 787
173 288
173 503
173 174
173 1458
173 243
173 121
173 1355
173 741
173 1668
173 69
173 1043
173 1117
173 1137
173 1165
173 1522
173 2147
173 2193
173 2541
173 466
173 778
353 607
353 972
353 974
353 1573
353 1628
353 1700
353 1798
353 2536
353 396
353 658
426 698
426 265
426 40
426 674
426 226
426 1259
426 1550
426 2300
426 2319
426 427
426 462
426 852
426 938
717 1093
717 718
717 841
1428 407
1428 434
1428 543
1428 1894
1948 21
1948 2147
1948 2498
171 1889
171 780
171 849
171 1047
171 1078
171 1110
171 118
171 137
171 151
171 152
171 1617
171 1778
171 1851
171 23
171 238
171 299
171 339
171 393
171 45
171 524
171 739
171 840
171 931
171 136
171 587
171 83
171 46
171 122
171 154
171 157
171 161
171 990
171 1019
171 1020
171 1024
171 1071
171 1085
171 1090
171 1094
171 1105
171 1109
171 1185
171 1212
171 1286
171 1392
171 1418
171 1424
171 1443
171 1447
171 1520
171 172
171 174
171 1654
171 177
171 1716
171 1762
171 188
171 1870
171 1887
171 1967
171 1992
171 2049
171 2052
171 2065
171 2091
171 228
171 2148
171 2242
171 2294
171 2447
171 2668
171 2742
171 304
171 330
171 371
171 378
171 451
171 460
171 463
171 489
171 522
171 595
171 640
171 713
171 741
171 750
171 825
171 853
171 867
259 502
259 86
259 1305
259 185
259 258
259 1770
259 2350
259 593
259 610
1432 2031
1432 620
1432 1433
1432 2339
1716 178
1716 314
1716 206
1758 1217
1758 1204
1758 923
1758 555
1758 961
618 104
618 1073
618 2306
618 619
618 920
96 123
96 295
96 968
96 2110
254 14
254 147
254 115
254 136
254 162
254 164
254 166
254 232
254 239
254 1190
254 255
254 291
254 323
254 382
254 451
254 587
254 727
254 769
254 772
254 893
254 896
254 907
281 1634
281 1946
281 2203
281 2501
281 512
323 950
323 907
323 255
323 893
323 1190
323 1099
323 646
413 167
413 785
413 1402
413 568
665 1817
665 664
675 14
675 993
675 152
675 267
675 417
675 164
675 1175
675 1198
675 1277
675 1319
675 1479
675 1833
675 1836
675 2760
675 852
727 147
727 896
894 178
894 502
894 907
894 893
894 896
894 1099
896 502
896 950
896 907
896 255
896 893
896 166
896 1190
907 950
907 115
907 166
907 646
907 715
907 1099
907 1190
907 1368
950 76
1099 255
1099 893
1099 715
1099 1190
1099 668
1930 45
1930 75
1930 499
99 98
99 140
99 1546
1333 849
1333 1291
1889 780
1889 2118
1889 2448
1976 849
2029 257
2029 762
257 54
257 256
257 1039
257 2320
257 2446
257 329
257 594
294 90
294 1047
294 1353
294 1684
294 1799
348 33
348 961
348 1205
348 1351
348 2099
348 349
348 444
348 648
348 760
348 849
348 920
81 8
81 1023
81 1036
81 1117
81 1272
81 1289
81 1399
81 1502
81 2012
81 2369
81 2408
81 780
845 509
845 568
845 1425
1885 1145
191 780
191 849
191 14
191 118
191 1266
191 152
191 161
191 1586
191 1810
191 2175
191 2346
191 291
191 2747
191 414
191 599
191 666
191 739
191 757
191 787
191 826
191 911
191 923
306 1292
306 913
306 31
306 1407
306 1693
306 204
306 224
306 987
306 1014
306 1361
306 1445
306 1482
306 1510
306 1615
306 1635
306 1705
306 1788
306 2016
306 2079
306 2529
306 2610
306 2709
306 307
306 395
306 419
306 451
306 467
306 695
306 707
306 757
306 820
1242 1672
1242 1983
1242 995
1242 1508
1242 2119
908 120
908 247
908 381
1137 439
1137 98
1137 946
1137 1505
1137 1545
1137 2008
1137 2278
1545 98
725 726
725 49
725 755
725 989
725 1095
725 2542
725 2769
331 194
331 835
331 424
331 2052
331 1943
331 681
1668 175
1668 68
1668 373
1668 948
1668 2545
2306 2674
207 54
207 2648
207 655
207 759
283 562
283 284
283 948
283 86
283 155
283 1263
283 356
283 709
283 841
1179 562
1179 932
1179 654
1179 933
1291 1036
1291 1289
1369 1370
1369 2775
1582 1181
1582 783
1582 1923
2005 14
2005 320
2005 1427
2040 118
2040 56
2040 206
2040 1205
2261 54
2261 2089
470 123
470 927
470 110
562 1036
562 1051
562 137
562 147
562 232
562 1335
562 1637
562 75
562 343
562 88
562 94
562 115
562 388
562 511
562 958
562 1381
562 1419
562 1770
562 2082
562 2175
562 2211
562 2277
562 2290
562 2464
562 2532
562 2696
562 610
562 716
562 914
562 932
688 687
689 329
743 31
743 1867
759 53
780 5
780 8
780 14
780 192
780 193
780 442
780 744
780 769
780 1840
785 126
849 8
849 1065
849 14
849 31
849 120
849 138
849 769
849 772
849 1198
849 1299
849 2080
849 2367
849 902
849 948
914 2277
914 933
932 76
932 653
932 654
932 933
29 168
29 2714
1159 465
1159 1434
1159 2083
36 1115
36 503
36 553
147 1036
147 1051
147 14
147 88
147 115
147 1185
147 155
147 1822
147 1832
147 1905
147 232
147 255
147 2463
147 301
147 442
147 893
147 927
1029 948
1029 115
1185 232
1185 503
1185 126
1185 1905
1185 1388
1185 668
1419 607
1419 1637
1419 2241
1640 1639
1640 2044
1912 948
1912 668
2700 948
668 968
668 1442
668 667
668 1787
668 1801
668 846
100 39
100 101
100 1112
100 126
100 1377
100 160
100 1566
100 1645
100 1920
100 616
100 674
100 938
113 726
113 114
113 1373
113 1497
113 2584
113 471
113 627
113 700
113 755
1120 364
1120 838
1120 859
1120 2613
1183 41
1183 319
1183 927
1183 1131
175 141
175 170
175 1262
175 1627
175 176
175 1694
175 183
175 2236
175 485
175 696
175 855
319 41
319 85
319 204
319 1412
319 320
319 617
35 103
35 118
35 152
35 167
35 23
35 238
35 2317
35 393
35 1085
35 1407
35 1436
35 156
35 161
35 1549
35 1619
35 1689
35 210
35 2041
35 2335
35 2431
35 2716
35 422
35 442
35 733
35 824
35 853
39 760
39 1562
39 1893
39 122
39 126
39 135
39 1317
39 1335
39 141
39 1458
39 170
39 1774
39 209
39 312
39 346
39 360
39 397
39 40
39 439
39 49
39 502
39 503
39 50
39 518
39 528
39 531
39 544
39 550
39 553
39 596
39 605
39 674
39 696
39 755
39 797
39 927
403 402
403 2551
403 615
502 54
502 62
502 318
502 440
502 501
502 1014
502 1357
502 1458
502 1653
502 2099
502 755
502 867
502 927
558 120
558 49
558 419
558 496
558 503
558 1048
558 1722
558 1899
558 559
558 579
558 797
607 9
607 50
607 67
607 110
607 111
607 169
607 234
607 242
607 339
607 350
607 354
607 357
607 388
607 400
607 420
607 478
607 967
607 1007
607 1052
607 1100
607 1250
607 1335
607 1372
607 1394
607 1423
607 1516
607 1533
607 1540
607 1591
607 1594
607 1645
607 1673
607 1792
607 1808
607 1944
607 2009
607 2025
607 2066
607 2092
607 2143
607 2157
607 2165
607 2168
607 2172
607 2207
607 2208
607 2229
607 2253
607 2269
607 2295
607 2381
607 2417
607 2694
607 2718
607 2731
607 2763
607 608
607 634
607 638
607 648
607 690
607 695
607 795
607 801
607 818
607 830
607 831
607 857
607 858
607 926
607 954
62 49
62 126
62 159
62 209
62 2087
62 2751
62 440
62 63
62 927
703 536
703 549
703 1783
703 1857
703 2094
703 2182
85 1893
85 58
85 84
85 972
85 983
85 1012
85 1131
85 1168
85 1188
85 1232
85 135
85 1434
85 1488
85 160
85 1610
85 1629
85 1665
85 1772
85 1805
85 1864
85 208
85 2150
85 2237
85 309
85 320
85 346
85 360
85 374
85 431
85 497
85 948
855 79
867 760
867 41
867 54
867 126
867 188
867 377
867 594
867 777
867 1131
867 1790
867 1856
867 1932
867 1967
867 2118
924 2
924 726
924 234
924 553
924 596
924 627
924 755
924 817
924 1251
924 1373
924 1415
924 1534
924 2280
924 2662
924 925
1192 760
1192 409
1192 439
1192 602
1192 611
1192 617
1192 627
1192 669
1192 1694
1192 1695
1192 1800
1192 2522
159 41
159 58
159 63
159 84
159 101
159 127
159 1131
159 1488
159 160
159 1864
159 2017
159 248
159 309
159 346
159 360
159 431
159 497
159 511
159 544
159 662
159 823
159 927
1529 64
174 1043
174 188
174 479
174 480
1874 141
1987 265
1987 504
1987 617
1987 1986
320 41
320 126
320 160
320 1336
320 1725
320 346
320 347
320 579
320 610
320 673
320 922
320 952
439 73
439 553
439 122
439 170
439 1694
439 2133
439 479
439 485
439 662
439 862
439 869
490 553
490 1984
490 2133
490 491
490 578
490 605
503 1078
503 787
503 1152
503 407
503 411
503 429
503 443
503 1247
503 1833
503 2300
503 504
503 519
503 697
503 873
503 900
553 2061
553 787
553 273
553 411
553 504
553 1245
553 1319
553 1463
553 2271
553 2548
553 2593
553 697
567 568
696 151
696 2061
696 787
696 1319
696 697
696 900
70 938
749 265
749 750
749 852
749 938
760 192
760 11
760 90
760 376
760 377
760 443
760 1020
760 1694
760 1715
760 789
760 838
760 872
760 927
196 5
196 8
196 1027
196 1995
196 2255
196 2567
196 578
285 54
285 1688
361 787
361 126
361 140
361 1469
361 578
361 1044
361 1076
361 1537
361 1984
361 2000
361 2247
361 2566
361 2617
361 2621
361 2752
361 362
361 511
409 1272
987 246
987 554
987 406
987 460
987 573
987 864
987 1224
987 1863
987 2163
987 2213
987 2291
987 2579
987 2634
1027 594
1027 1512
1455 1397
1540 2072
1540 1958
1540 1989
1540 1990
1540 2735
1704 120
1704 32
1809 1208
594 54
594 1488
594 1688
594 2070
594 2405
594 595
594 812
927 839
927 1052
927 1458
927 346
927 531
927 63
927 230
927 318
927 646
927 1131
927 1636
927 1710
927 1920
927 2351
448 610
448 2200
1402 915
1402 1750
897 8
897 610
897 1961
897 2200
744 7
744 223
744 1484
744 1671
744 1695
744 1965
744 745
744 840
247 118
247 1079
247 1394
247 246
247 1198
247 64
247 1354
247 1361
247 1460
247 2222
247 751
327 291
327 1586
327 326
327 2701
418 103
418 1047
418 1544
418 238
418 290
418 339
418 417
418 45
418 498
418 566
418 652
418 739
418 913
418 92
418 291
418 1407
418 249
418 161
418 1175
418 1341
418 1635
418 1937
418 1941
418 2052
418 2222
418 2398
418 2603
418 447
418 757
418 876
422 1382
422 1450
422 2004
422 2624
422 525
422 747
438 152
438 355
438 566
438 291
438 1450
438 1385
438 1817
438 2680
500 1562
500 2313
500 267
500 290
500 598
500 1240
500 1530
500 910
1450 92
1450 442
1450 164
1450 534
1450 388
1450 742
1530 1146
1530 1204
1530 647
1530 284
1530 593
1530 289
1530 354
1530 405
54 123
54 1093
54 590
54 430
54 44
54 982
54 990
54 1009
54 110
54 1121
54 1132
54 1208
54 1346
54 1488
54 1557
54 1637
54 1688
54 188
54 202
54 1982
54 2209
54 2637
54 329
54 485
54 534
54 55
54 595
54 757
805 1471
806 1471
166 1007
166 167
166 2194
166 523
166 1822
166 2575
166 683
610 1637
610 609
610 1371
610 1520
610 1867
610 2527
968 1787
968 1861
968 2079
968 2664
1933 280
882 639
882 648
948 1036
948 1051
948 1619
948 853
948 397
948 1355
948 427
948 511
948 538
948 604
948 778
948 947
948 1312
948 2145
236 419
463 48
463 141
463 1458
463 605
463 41
463 962
463 1131
463 1210
463 2010
463 2022
463 2033
463 2336
463 472
463 617
463 702
463 919
1910 757
1910 63
1910 1048
1910 2726
1938 893
2352 406
1335 38
1335 43
1335 125
1335 126
1335 1069
1335 1630
152 14
152 1018
152 1093
152 1204
152 33
152 82
152 117
152 136
152 146
152 997
152 1091
152 1167
152 1346
152 153
152 1503
152 1548
152 1658
152 2078
152 238
152 239
152 265
152 292
152 2754
152 314
152 355
152 382
152 383
152 388
152 389
152 415
152 419
152 451
152 508
152 534
152 568
152 613
152 620
152 655
152 666
152 776
152 784
152 866
152 892
152 940
202 1810
598 178
598 1167
598 1451
598 241
598 265
598 389
598 33
598 121
598 554
598 591
598 1081
598 1351
598 1574
598 604
598 817
649 295
649 2311
649 866
853 1093
853 178
853 296
853 388
853 397
853 419
853 511
853 617
853 747
853 974
853 1134
853 1731
853 1757
1014 2640
1014 1299
1014 1517
1014 1621
1014 2185
1014 2406
1014 2592
1462 620
1462 627
1462 687
116 115
116 1625
232 32
232 115
232 1380
232 1472
232 1877
232 233
232 2364
232 871
1198 1167
1198 138
1198 265
1198 33
1198 382
1198 568
1198 716
1198 866
1198 2513
1355 66
1355 777
1355 1470
1398 1397
1398 126
1398 2543
1639 138
1905 115
1905 1258
1654 813
98 1485
98 325
98 813
140 1023
140 1304
140 2108
140 730
2448 2449
762 9
762 380
762 513
762 701
762 1176
762 1490
762 1774
762 1828
762 1972
762 2750
256 2095
256 2605
2320 318
2320 2777
2446 523
329 123
329 157
329 1346
329 279
329 328
329 367
329 672
329 812
329 880
90 1637
90 1497
90 738
90 91
1047 14
1047 92
1047 224
1047 451
1047 499
1047 534
1047 566
1047 902
1047 1488
1047 1908
1353 241
1684 575
1799 1798
33 103
33 118
33 167
33 238
33 339
33 592
33 1407
33 1479
33 1487
33 1796
33 270
33 288
33 442
33 625
961 151
961 1903
961 291
961 233
961 349
961 940
961 1449
961 1670
961 1957
1205 1257
1205 1204
1205 620
1205 1376
1205 2557
1351 178
1351 2027
2099 1897
349 184
349 960
349 993
349 415
349 913
349 314
349 1487
349 1941
444 641
444 1480
444 443
444 963
444 1253
444 1535
648 184
648 960
648 417
648 260
648 693
648 2007
648 1361
192 8
192 1036
192 1051
192 1180
192 1289
192 193
192 2408
192 600
297 2338
297 123
297 570
297 554
297 53
297 112
297 248
297 298
297 330
297 667
356 994
356 1974
356 491
1904 8
2338 8
536 8
536 533
536 1193
850 690
850 797
850 646
67 66
67 1403
67 1755
67 2262
67 2286
67 363
87 86
87 2632
1112 86
1112 742
1112 1601
1112 2171
1305 86
1305 1734
1305 2542
1494 520
1494 1218
1494 655
1494 666
1494 1258
1494 466
1615 157
1615 86
1615 1215
1615 1915
1825 1287
1825 1188
1825 1824
1954 1045
2547 679
8 4
8 1023
8 1036
8 1051
8 1180
8 1217
8 1257
8 1280
8 1337
8 1345
8 1399
8 1502
8 1995
8 2012
8 2369
8 786
8 809
1023 193
1023 443
1023 641
1023 1253
1023 1840
1036 1051
1036 1145
1036 1914
1117 322
1117 1116
1289 83
1289 1392
1399 5
1399 193
1399 525
1399 809
509 1287
509 230
509 858
509 629
509 740
509 1426
509 2201
509 510
568 1007
568 238
568 271
568 1407
568 249
568 1005
568 732
1425 1287
1425 1426
2 1101
2 1252
2 1726
2 2047
2 3
2 399
2 552
2 726
2 839
1101 1100
1101 1406
1252 783
1252 2483
2047 1068
2047 1406
2047 2058
2047 2388
399 26
399 208
399 1108
399 1303
399 2196
726 248
726 1102
726 2502
839 183
839 838
839 1406
1100 26
1100 27
1100 1107
1100 1303
1100 1509
1100 1729
1100 1763
1406 48
1406 1052
1406 1763
783 782
783 999
783 1075
783 1454
783 1697
783 881
783 883
1068 138
1068 813
1068 1923
2058 2388
2388 465
2388 2083
2388 2510
26 1052
26 1397
26 27
208 209
208 49
208 160
208 58
208 63
208 127
208 2196
208 340
208 350
208 431
208 922
1108 1102
1303 27
1303 1315
1303 1794
1303 1931
248 249
248 755
248 823
248 154
248 58
248 2025
248 84
248 970
248 1053
248 1438
248 1612
248 2017
248 2280
248 350
248 431
248 482
248 496
1102 1103
1102 1106
1102 2502
2502 2517
183 1593
183 182
183 1708
183 2035
183 250
183 341
838 2035
838 250
838 341
234 891
234 2025
234 700
596 1251
627 620
627 1461
627 1513
627 1627
627 628
755 1264
755 126
755 1458
755 346
755 49
755 50
755 325
755 548
755 620
755 1001
755 1095
755 1131
755 1235
755 1627
755 1863
755 2693
817 1085
817 1637
817 155
817 203
817 1225
817 1238
817 1719
1251 401
1373 1374
1534 169
1534 2289
1534 1505
1534 1784
1534 2045
2280 2258
2662 451
925 1218
925 666
4 5
5 1065
5 786
5 809
1065 382
1065 508
1065 711
809 178
1051 60
1217 14
1217 1674
1257 135
1257 952
1280 1279
1280 1848
1280 1968
1337 1840
1345 1702
1345 1744
1345 2273
1995 23
1995 2695
382 1146
382 1617
382 433
382 843
382 923
382 157
382 420
382 751
382 655
382 381
382 384
382 599
508 267
508 997
508 507
508 996
508 533
508 936
711 712
711 479
711 340
525 209
525 641
525 443
525 1253
525 1677
525 2043
578 123
14 960
14 973
14 993
14 1007
14 1008
14 102
14 1018
14 103
14 1074
14 1078
14 1082
14 1086
14 1093
14 1110
14 1146
14 1154
14 118
14 1178
14 1199
14 1204
14 1266
14 1273
14 1292
14 1313
14 137
14 1338
14 1343
14 1375
14 148
14 151
14 1478
14 15
14 158
14 1525
14 1544
14 1562
14 167
14 1606
14 1617
14 1650
14 1761
14 1764
14 1778
14 1810
14 1818
14 1851
14 1853
14 1903
14 1926
14 1942
14 213
14 2019
14 2042
14 2061
14 2063
14 2116
14 2130
14 2140
14 2174
14 23
14 2179
14 2194
14 238
14 2303
14 2313
14 2317
14 2328
14 2429
14 2467
14 2482
14 267
14 269
14 271
14 2573
14 2689
14 290
14 2743
14 299
14 321
14 339
14 355
14 385
14 393
14 394
14 415
14 417
14 433
14 45
14 498
14 524
14 542
14 566
14 572
14 592
14 613
14 623
14 630
14 643
14 647
14 652
14 663
14 685
14 698
14 718
14 739
14 769
14 787
14 814
14 840
14 843
14 861
14 909
14 911
14 913
14 92
14 923
14 931
14 956
442 1007
442 151
442 1761
442 1942
442 45
442 292
442 975
442 1066
442 1234
442 1572
442 1583
442 2028
442 2115
442 2312
442 2620
442 492
442 532
442 901
769 339
769 393
769 394
769 172
769 239
769 270
769 414
769 534
769 715
769 768
769 911
1840 763
178 973
178 993
178 1008
178 1110
178 1273
178 151
178 15
178 1764
178 1926
178 269
178 321
178 393
178 394
178 524
178 542
178 572
178 630
178 685
178 913
178 143
178 177
178 990
178 1000
178 1022
178 1033
178 1049
178 1064
178 1071
178 1096
178 1152
178 1189
178 1220
178 1264
178 1295
178 1298
178 1309
178 1378
178 1413
178 1447
178 1548
178 1567
178 1584
178 1587
178 1599
178 1616
178 1638
178 1642
178 1649
178 1666
178 1765
178 1768
178 1773
178 1786
178 198
178 1927
178 2007
178 2014
178 2034
178 2106
178 2114
178 2127
178 2267
178 2272
178 2334
178 2368
178 2407
178 2411
178 2424
178 260
178 2459
178 2469
178 266
178 2521
178 2677
178 2744
178 2746
178 310
178 395
178 414
178 416
178 489
178 506
178 614
178 721
178 857
178 865
178 901
178 928
178 930
178 951
2648 1810
655 1169
655 397
655 150
655 157
655 239
655 1249
655 1526
655 1727
655 2151
655 2310
223 184
223 118
223 1260
223 1296
223 1569
223 2114
223 50
223 222
223 957
223 1025
223 1318
1484 1531
1695 162
1695 1694
1965 873
745 138
745 851
840 138
840 149
840 162
840 224
840 485
840 776
840 801
840 835
840 1228
840 2212
443 2708
443 1917
443 1465
443 1153
443 1207
443 1254
443 1814
443 1824
443 642
641 51
641 1917
641 1153
641 1207
641 1254
641 1465
641 1814
641 642
1253 1917
1253 1465
1253 1207
1253 1254
1253 1814
1253 642
1145 1146
1145 2250
60 61
1674 570
1674 1913
135 111
135 126
135 59
135 1322
135 169
135 230
135 579
135 616
135 674
135 952
952 1296
952 674
952 390
952 2237
952 957
952 226
952 227
952 612
952 847
952 869
952 1259
952 1437
952 1541
952 1551
952 2093
952 2094
952 2319
952 953
1279 157
1279 406
1848 291
1848 1155
1968 290
1968 739
1968 757
1702 1630
1702 1703
1744 1060
1744 2197
2273 1630
600 384
23 22
23 1149
23 1167
23 138
23 1451
23 1960
23 2080
23 241
23 265
23 2640
23 291
23 314
23 389
23 404
23 437
23 445
23 488
23 522
23 551
23 590
23 601
23 690
23 801
23 835
23 884
23 93
533 532
533 997
533 746
1193 230
1193 227
1193 218
1193 233
1193 942
1193 1284
1193 1730
31 238
31 393
31 630
31 652
31 956
31 120
31 959
31 1033
31 1079
31 111
31 1152
31 1216
31 1220
31 1260
31 1261
31 1264
31 1265
31 1296
31 1309
31 143
31 1386
31 1387
31 1407
31 1418
31 1441
31 1539
31 1548
31 1569
31 177
31 1693
31 1742
31 1752
31 1768
31 1830
31 198
31 1927
31 2014
31 2048
31 225
31 2114
31 2126
31 2220
31 2349
31 260
31 2481
31 2499
31 2570
31 32
31 352
31 369
31 395
31 416
31 423
31 430
31 455
31 46
31 51
31 56
31 580
31 721
31 723
31 928
120 1008
120 103
120 118
120 15
120 1525
120 1764
120 2116
120 269
120 321
120 394
120 524
120 623
120 630
120 739
120 923
120 956
120 46
120 83
120 119
120 1033
120 1071
120 1096
120 1152
120 1237
120 1260
120 1261
120 1264
120 1265
120 1296
120 1379
120 143
120 1386
120 1394
120 1539
120 1548
120 1616
120 172
120 1649
120 177
120 1765
120 1773
120 1830
120 2067
120 2101
120 2184
120 2235
120 2400
120 2479
120 266
120 2486
120 2499
120 2538
120 287
120 310
120 369
120 395
120 414
120 416
120 468
120 473
120 506
120 527
120 721
120 766
120 857
120 928
120 951
138 1008
138 118
138 1204
138 151
138 1525
138 931
138 1033
138 1061
138 1226
138 139
138 1379
138 1401
138 1424
138 1456
138 1460
138 1481
138 1554
138 1555
138 1602
138 1626
138 1685
138 1714
138 1819
138 1833
138 2024
138 2028
138 2222
138 2234
138 2268
138 2289
138 2392
138 260
138 2434
138 276
138 2616
138 2658
138 2669
138 2702
138 2706
138 2779
138 453
138 486
138 517
138 527
138 560
138 632
138 644
138 741
138 854
138 856
138 902
138 918
138 949
772 118
772 151
772 15
772 289
772 771
772 1392
1299 334
2080 118
2080 24
2080 2392
2367 2112
2367 2322
2367 2581
902 295
1961 425
1961 1624
2200 1637
2200 775
2200 155
9 10
9 11
9 123
9 2456
9 483
9 79
11 184
123 65
123 110
123 124
123 133
123 1501
123 1550
123 1592
123 1660
123 1929
123 2131
123 2373
123 260
123 2528
123 2539
123 279
123 280
123 2631
123 423
123 483
123 528
123 547
123 680
123 758
123 761
123 773
123 781
123 800
2456 538
483 479
483 1033
483 709
79 1030
79 1467
79 1832
79 2523
79 324
79 450
79 478
79 701
79 707
79 80
184 118
184 993
184 1423
184 1562
184 2176
65 64
110 889
110 1781
110 56
110 246
110 109
110 1046
110 1089
110 1297
110 1346
110 1491
110 1736
110 1882
110 2380
110 2486
110 374
110 420
110 672
110 810
110 816
124 1388
124 2476
124 357
133 132
133 1929
133 1970
133 251
1501 279
1501 280
1550 803
1550 2701
1660 103
1660 148
1660 1851
1660 827
1660 1662
1660 1817
1929 2086
2131 260
260 1273
260 415
260 623
260 136
260 314
260 437
260 488
260 1079
260 1927
260 55
260 56
260 57
260 164
260 224
260 231
260 1038
260 1063
260 1148
260 1170
260 1230
260 1293
260 1311
260 1320
260 1349
260 1464
260 1474
260 1480
260 1505
260 1624
260 1709
260 1788
260 1800
260 1804
260 1872
260 1878
260 2001
260 2023
260 2038
260 2056
260 2102
260 2124
260 2137
260 2178
260 2195
260 2302
260 2326
260 2327
260 2378
260 2385
260 2399
260 2404
260 2413
260 2425
260 261
260 2445
260 2473
260 2591
260 279
260 2604
260 2612
260 2630
260 2661
260 288
260 2737
260 2748
260 2753
260 2776
260 304
260 312
260 411
260 419
260 456
260 477
260 537
260 541
260 560
260 569
260 576
260 682
260 734
260 742
260 752
260 765
260 770
260 788
260 793
260 802
260 828
260 944
260 954
279 656
279 1841
279 72
279 132
279 1528
279 1655
279 1911
279 2086
279 2195
279 2218
279 2248
279 280
279 2739
279 328
279 585
279 880
279 912
280 420
280 1087
280 1379
280 132
280 1533
280 1788
280 1911
280 2757
280 586
2631 2000
423 50
423 77
423 419
528 58
528 401
773 267
773 75
773 362
773 2159
773 2569
773 774
781 376
781 64
800 128
538 539
479 572
479 1488
479 1043
479 1328
479 480
479 482
479 669
1033 50
1033 1389
709 1688
709 1887
709 366
709 1971
709 2629
709 2684
709 710
709 841
50 973
50 269
50 51
50 721
50 1096
50 1364
50 1510
50 1955
50 2091
50 2625
50 532
50 577
50 620
111 404
111 437
111 57
111 112
111 1725
111 1892
111 338
111 557
111 858
169 194
169 1287
169 2114
169 170
169 1235
169 1322
169 1664
169 629
169 740
242 554
242 243
242 486
339 164
339 291
339 383
339 451
354 355
354 291
354 620
354 1080
354 940
354 289
354 2355
354 447
354 499
357 1085
357 414
388 267
388 2755
400 401
420 835
420 56
420 157
420 1557
420 266
420 1010
420 1011
420 2295
420 421
420 671
420 784
420 910
1007 690
1052 1616
1250 48
1372 1475
1394 32
1423 241
1423 2079
1423 512
1423 2501
1533 2162
1533 1676
1533 2443
1591 1687
1645 1935
1673 194
1673 1287
1673 1766
1673 1857
1673 1866
1792 48
1792 868
1792 1069
1792 2293
1808 1081
1808 1144
2025 58
2165 1390
2207 974
2229 776
2295 1010
2295 994
2295 1842
634 2387
690 151
690 167
690 1761
690 355
690 45
690 698
690 739
690 92
690 161
690 534
690 1119
690 1165
690 1269
690 1407
690 1682
690 1784
690 715
690 797
695 406
795 1826
795 1213
801 1079
801 802
801 954
830 1467
830 986
830 1045
830 1325
830 1466
830 1605
830 831
831 1605
831 1846
858 194
858 816
858 557
380 701
380 379
380 1972
513 1500
513 514
701 702
1490 1038
1774 1131
1828 1829
1972 1500
1030 241
1467 789
1467 986
1467 1045
1467 1081
1467 1466
1467 1558
1467 2315
1467 2601
1832 974
1832 1745
324 22
324 1515
450 449
450 1472
707 224
707 419
707 691
707 706
707 807
118 44
118 82
118 93
118 117
118 1010
118 1017
118 1149
118 1167
118 1184
118 1314
118 149
118 1682
118 210
118 2019
118 239
118 241
118 265
118 291
118 303
118 314
118 389
118 451
118 522
118 587
118 601
118 693
118 716
118 751
118 776
993 222
993 239
993 277
993 314
993 415
993 587
993 691
993 1025
993 1093
993 1219
993 1823
1562 49
1562 162
1562 289
1562 390
1562 2057
376 32
376 246
376 375
376 1123
376 1144
376 1238
376 1521
376 1777
376 1909
376 2478
376 2719
376 720
377 188
377 406
377 1497
377 86
377 228
377 1440
377 1447
377 1967
377 2079
377 2574
377 378
377 640
1020 406
1020 2371
1694 698
1694 491
1694 868
1715 77
789 1558
789 1081
789 986
789 1045
789 846
789 1466
789 2134
789 2515
789 2516
789 790
12 981
12 13
12 2181
12 432
12 570
12 656
981 796
981 871
13 1304
13 1568
13 1669
13 1898
13 889
2181 432
2181 440
570 298
570 532
570 545
570 1278
570 1463
570 1805
570 2150
570 615
796 411
796 126
796 282
796 1489
796 386
871 572
871 404
871 189
871 777
871 1165
871 2283
871 2594
1304 243
1304 1878
1304 2108
1568 243
1568 1669
1669 243
1898 451
1898 1300
1898 1742
1898 2488
889 32
889 243
889 757
889 888
889 1016
889 1083
889 1339
889 1341
889 1390
889 1521
889 1732
889 1979
889 2097
889 2192
889 2212
889 2215
889 2415
889 2438
889 2558
889 2602
889 2627
889 2649
440 209
440 49
440 63
440 2087
440 471
532 797
532 150
532 693
532 419
532 1860
532 2457
532 670
532 687
532 699
545 1277
545 546
1805 318
1805 1195
2150 1195
615 587
615 551
615 141
615 157
615 218
615 219
615 1173
615 1430
615 1879
66 1041
66 121
66 189
66 741
997 267
997 154
997 1755
997 436
997 996
997 2411
997 2514
1350 548
1350 770
1350 1681
1350 1849
1403 386
1403 1194
1403 1743
1403 2002
1403 2013
1403 2507
243 48
243 797
243 180
243 752
243 777
282 363
282 69
282 386
386 433
386 2062
386 387
411 38
411 412
411 604
433 2266
770 2130
770 1849
935 267
935 1532
935 936
2108 105
2108 441
2108 730
2108 1787
451 1008
451 1110
451 1273
451 137
451 167
451 238
451 271
451 385
451 393
451 394
451 739
451 956
451 2499
451 803
451 161
451 49
451 172
451 307
451 406
451 414
451 986
451 1346
451 1361
451 1409
451 1417
451 1590
451 2007
451 2021
451 2162
451 2270
451 2424
451 2459
451 452
451 454
451 584
451 602
451 715
451 880
1300 38
1742 1034
1742 1069
2488 2487
32 973
32 103
32 137
32 269
32 394
32 45
32 572
32 739
32 956
32 1386
32 1096
32 1531
32 2031
32 224
32 246
32 249
32 2400
32 369
32 52
32 721
32 803
757 238
757 290
757 498
757 787
757 295
757 153
757 204
757 251
757 301
757 318
757 447
757 756
757 2167
757 2698
757 910
1016 1015
1341 2311
1341 2345
1390 1770
1390 2678
1979 434
2212 265
2215 246
973 136
1008 291
1008 314
1008 485
1008 910
102 103
1018 164
1018 915
1018 1135
1018 1277
1018 2495
103 1025
103 146
103 1613
103 224
103 313
103 419
103 751
103 854
1078 1229
1086 910
1086 2325
1093 126
1093 335
1093 395
1093 415
1093 666
1093 1338
1093 1859
1093 1980
1154 1155
1178 1177
1199 873
1204 77
1204 136
1204 157
1204 222
1204 314
1204 415
1204 1519
1204 1558
1204 2310
1292 1293
137 136
137 162
137 164
1338 415
1375 164
148 149
148 776
151 136
151 150
151 162
151 206
151 291
151 295
151 604
151 663
151 797
1478 107
1478 660
1478 1477
1478 1711
15 136
15 295
15 587
158 157
158 201
158 651
158 751
1544 136
1544 355
167 44
167 93
167 974
167 291
167 318
1606 314
1650 224
1650 314
1761 291
1761 2444
1778 162
1778 291
1778 295
1778 1722
1851 284
1851 295
1851 488
1851 563
1851 2088
1853 1854
1853 1855
1853 1856
1853 1865
1903 995
1926 164
213 212
2019 154
2042 352
2042 1941
2042 2420
2061 604
2063 150
2063 284
2179 164
238 44
238 149
238 157
238 162
238 164
238 239
238 314
238 776
2313 1104
2317 164
2317 985
2429 647
2467 2468
267 52
267 265
267 266
267 1050
267 1236
267 1882
267 2060
267 2274
267 2418
267 477
267 551
267 604
269 93
271 485
290 289
290 291
290 355
290 447
290 787
299 164
299 224
299 957
299 395
299 419
299 534
355 291
355 1237
355 1741
355 2771
355 385
355 713
355 819
385 291
393 157
393 295
393 419
393 485
394 164
394 687
415 414
415 1981
415 2346
415 784
417 2068
45 44
45 136
45 1384
45 150
45 162
45 164
45 201
45 2041
45 291
45 295
45 554
45 693
45 797
498 314
498 1376
498 2773
498 499
498 819
524 155
524 910
566 164
566 292
566 534
566 802
572 2283
613 205
623 157
623 172
623 485
623 1054
623 1762
623 2030
623 715
623 905
623 923
630 53
647 291
652 291
652 447
685 684
698 486
739 136
739 162
739 164
739 291
739 295
739 447
787 92
787 291
787 604
787 1043
787 2077
787 2444
787 2715
843 224
843 844
861 2376
861 862
909 910
911 162
911 164
913 219
913 291
92 957
92 1040
92 150
92 1608
92 2379
92 291
92 555
92 670
92 797
92 93
923 157
923 162
923 164
923 239
923 295
923 670
923 693
923 2465
931 44
931 164
931 729
931 910
956 162
956 291
956 447
956 1330
956 1788
136 83
136 122
136 988
136 1184
136 1379
136 1439
136 1486
136 172
136 330
136 430
136 527
136 624
136 803
222 1132
222 1133
239 732
239 157
239 1831
239 1936
239 2298
239 414
239 475
239 666
239 715
277 1184
277 466
277 278
277 876
314 19
314 83
314 172
314 313
314 1175
314 1524
314 1918
314 2015
314 2244
314 2361
314 2378
314 332
314 499
314 523
587 172
691 682
691 1186
691 692
1025 225
1025 1024
1025 1638
1025 2339
1823 1464
1823 2386
291 83
291 161
291 270
291 289
291 1382
291 1407
291 1420
291 1479
291 1524
291 1941
291 1969
291 2545
291 2622
291 2688
291 292
291 301
291 447
291 580
291 657
291 713
291 803
291 915
485 797
485 57
485 957
485 1123
485 1231
485 1527
485 2021
910 1916
910 2596
164 270
164 163
164 990
164 1221
164 1597
164 176
164 1736
164 1762
164 2284
164 2707
164 555
164 715
915 203
915 2543
1135 716
1135 1136
1135 2246
1277 563
1277 1276
1277 1815
2495 1330
146 1479
146 2021
1613 2444
224 1216
224 225
224 2126
224 157
224 986
224 1683
224 1776
224 1962
224 1966
224 2003
224 2098
224 2187
224 2268
224 2524
224 2540
224 419
224 614
224 763
224 820
313 1002
313 2161
313 2256
313 940
419 241
419 1216
419 1296
419 1309
419 225
419 2126
419 395
419 56
419 733
419 577
419 157
419 467
419 1006
419 1427
419 1456
419 1649
419 1827
419 1907
419 2007
419 2046
419 2316
419 2372
419 2459
419 506
419 614
419 684
419 736
419 763
419 767
419 820
419 951
751 397
751 1340
751 414
751 475
751 715
751 1071
751 1365
751 1547
751 1641
751 763
854 601
854 797
854 82
854 1330
854 1349
534 732
534 342
534 1323
534 1900
534 535
534 670
1488 1034
1488 1552
1229 49
1229 617
1229 662
126 46
126 41
126 47
126 969
126 971
126 1055
126 1080
126 1095
126 1131
126 1165
126 1210
126 127
126 1483
126 1629
126 185
126 1780
126 1791
126 1869
126 1882
126 1886
126 1917
126 2237
126 252
126 253
126 346
126 347
126 360
126 397
126 484
126 496
126 531
126 544
126 617
126 621
126 673
335 434
335 336
335 919
395 693
666 1169
666 522
666 150
666 157
666 1218
666 1249
666 1307
666 2508
1859 69
1859 852
1859 984
1980 1981
1155 1314
1155 1635
1155 1316
44 1085
44 1549
44 733
44 1005
44 1924
44 2641
44 732
44 821
82 83
93 83
93 1166
93 1925
93 2489
117 2100
117 2378
117 486
1010 1340
1010 1011
1010 1739
1010 2314
1017 83
1017 369
1149 83
1149 154
1149 412
1149 731
1167 1166
1184 2363
1314 1121
149 83
149 1071
149 414
149 776
149 793
1682 83
1682 1683
210 580
210 1064
210 211
210 2142
210 2494
210 2673
210 2728
210 918
210 951
241 225
241 240
241 1111
241 1152
241 1220
241 1310
241 1382
241 1386
241 1387
241 1456
241 1635
241 1719
241 1759
241 1789
241 1795
241 2046
241 2114
241 2129
241 2135
241 2260
241 2265
241 2356
241 2358
241 2512
241 2650
241 2655
241 286
241 2723
241 2730
241 360
241 468
241 527
241 678
265 83
265 154
265 264
265 996
265 998
265 1609
265 2081
265 2128
265 2256
265 2492
265 275
265 296
265 2767
265 660
265 847
265 936
303 302
303 1504
303 381
389 83
389 157
389 1085
389 1537
522 83
522 122
522 157
522 381
601 83
693 56
693 219
693 1231
693 1731
693 794
716 83
716 88
716 715
716 2232
776 2126
776 206
776 793
1177 1012
1177 2288
77 1951
77 237
77 284
77 390
77 78
77 941
157 884
157 52
157 550
157 821
157 1071
157 1126
157 172
157 1661
157 206
157 2292
157 2305
157 307
157 767
157 784
157 802
1558 88
1558 986
1558 1045
1558 1081
1558 1324
1558 1466
2310 2643
162 161
162 2151
162 715
88 89
88 94
115 1440
155 156
155 1637
155 775
155 1564
155 1258
301 1301
301 1860
301 2546
301 563
301 895
150 1418
150 1218
150 1327
150 1393
150 1510
150 1631
150 1659
150 186
150 1767
150 1841
150 2665
150 342
150 589
150 784
206 437
206 590
206 1260
206 673
206 1001
206 292
206 802
295 161
295 1071
295 1096
295 1259
295 2170
604 1152
604 1215
604 1302
604 2053
604 2227
604 2628
604 2653
797 676
797 445
797 732
797 1784
797 2173
797 798
1346 516
1346 852
1503 1672
1658 1560
1658 1756
1658 1876
292 620
292 1500
383 83
383 2299
383 2497
383 2672
383 384
383 614
620 1079
620 518
620 673
620 621
620 802
784 284
784 414
784 384
784 768
784 1006
784 1248
784 1427
784 1782
892 83
892 1407
892 2444
892 2037
940 221
940 436
940 1306
940 1308
940 1536
940 1812
940 2256
940 2519
940 2666
940 2667
107 108
660 661
660 1523
1477 875
1477 405
1477 1523
1711 970
1711 1738
1711 2531
201 200
201 2469
201 2526
651 650
651 1937
49 48
49 1131
49 1143
49 125
49 160
49 1841
49 1917
49 2144
49 252
49 531
49 544
49 579
49 588
49 673
49 823
289 523
289 1062
289 2321
289 2670
289 447
390 230
390 621
974 76
974 427
974 511
974 778
974 1188
974 1195
974 2216
974 2218
974 2219
974 2224
974 2226
974 2439
318 1418
318 209
318 317
318 986
318 1803
318 2183
318 2366
318 851
2444 52
1722 1721
161 670
414 577
414 1045
414 766
599 352
284 1085
284 2342
284 557
488 209
488 1574
488 2636
488 794
1855 1856
1855 1865
1856 824
1856 1865
1865 2095
1865 2543
995 367
995 994
995 2136
212 1421
212 2437
154 52
154 97
154 1431
154 1731
154 231
352 40
352 47
352 160
352 1391
352 2065
352 919
1941 1384
22 1383
22 2402
22 83
2640 2185
404 20
404 1334
404 886
437 249
437 621
437 684
437 722
437 820
445 676
445 1026
445 1377
445 1701
445 1939
445 1940
445 446
445 605
445 677
551 83
551 550
590 83
590 1542
590 1570
590 1635
590 2060
590 2105
590 2430
590 876
835 381
835 1136
884 1683
1104 1105
985 979
52 1054
52 1831
52 53
52 905
266 721
266 1096
266 506
266 766
1050 83
1236 1431
1882 1883
1882 1998
1882 2781
2418 83
477 449
447 1479
447 2267
447 876
447 1969
957 230
1237 2072
1237 1989
687 721
687 2588
1384 527
1384 1302
1384 2170
2041 1626
2041 2493
554 1214
554 1721
554 741
802 722
205 204
205 2139
172 2597
1054 729
1054 904
1054 2186
1054 2249
1762 2186
2030 768
2030 1408
905 1479
905 53
905 904
905 1414
905 1733
905 1934
905 2186
905 2454
53 1422
53 1624
53 1647
53 2101
53 2188
53 2205
53 2311
53 891
1479 233
852 1317
852 230
684 198
684 2026
486 156
486 1725
486 338
486 262
486 1342
486 1505
486 1622
486 1784
486 2045
486 2199
486 2289
486 487
270 2316
1228 246
1228 644
1228 1634
1228 2203
862 73
862 1770
862 868
219 218
219 402
219 942
670 1085
670 2032
670 2492
670 778
729 728
729 904
1330 101
1330 215
1330 1331
1330 1720
1330 1994
1788 1079
1788 1340
1788 406
46 1152
46 1260
46 47
46 517
83 1997
83 2316
83 2555
83 591
83 661
1096 1260
1152 541
1260 369
1260 1064
1260 1166
1260 1261
1260 2349
1296 2725
1379 2289
143 142
1539 425
1616 1509
1616 2511
177 673
177 737
177 738
177 821
2184 2185
2235 541
369 370
473 1067
473 2038
473 2587
473 474
527 526
721 581
721 976
721 1005
766 976
122 121
122 1348
122 1447
122 1520
122 188
122 2079
122 346
122 378
122 595
122 640
122 662
122 712
988 1509
988 176
988 466
988 942
988 989
988 1871
988 2562
1439 1834
1439 1852
1439 2147
1486 64
430 325
430 429
430 2217
430 611
430 631
624 188
624 595
624 1520
624 1212
1022 460
1022 1021
1064 1063
1447 1520
1584 1196
1584 827
1584 1585
1638 1024
1638 1737
1786 425
198 959
198 197
198 989
198 1031
198 1174
198 1687
198 1813
198 250
198 2498
198 564
198 750
198 903
2034 38
2267 2268
2267 1518
2272 2518
2459 2458
2521 2698
1259 230
1259 227
16 311
311 1566
311 346
311 496
311 822
311 823
1566 360
1566 1143
1566 1232
1566 1434
1566 431
1566 1322
346 209
346 41
346 971
346 1235
346 2079
346 347
346 496
346 579
346 673
346 754
346 922
496 579
496 1143
496 1168
496 922
822 495
822 823
822 2282
823 160
823 2017
17 1151
17 18
17 1893
17 48
1151 1150
1893 1892
48 1059
48 1182
48 1208
48 130
48 1561
48 1698
48 1754
48 2287
48 272
48 2679
48 2758
48 407
48 425
48 645
1892 194
1059 1182
1059 2560
1182 1595
1182 1604
1182 2169
1208 1209
130 1160
130 131
130 199
130 2190
130 2533
1561 1753
1698 1699
1698 2190
1754 1753
272 1780
272 1891
272 407
272 434
407 131
407 1435
407 1507
407 1575
407 1868
407 2330
407 2685
407 408
407 543
425 424
425 1088
425 1538
425 1611
425 2054
425 2074
425 2323
425 2436
425 2462
425 2563
425 2568
425 2571
425 2575
425 2653
425 2778
19 194
19 20
19 2708
194 1235
194 1287
194 1766
194 1821
194 195
194 1866
194 227
194 230
194 2421
194 2782
194 332
194 396
194 557
194 611
194 633
194 637
20 1169
1235 84
1235 471
1235 756
1235 1026
1235 1692
1287 28
1287 1288
1287 1290
1287 1576
195 225
195 742
227 226
227 1442
227 612
227 847
230 40
230 226
230 1188
230 1268
230 1281
230 1541
230 2151
230 2300
230 612
230 616
230 816
230 869
396 225
396 754
611 112
611 1268
611 612
633 1034
633 1963
633 2671
633 637
637 1034
637 1963
637 2671
1169 449
1169 939
1918 406
1918 296
2244 2243
2378 263
2378 2052
449 1421
449 2565
939 938
886 41
886 548
886 885
21 676
21 73
676 1069
676 1070
676 1377
676 1701
676 2472
676 677
73 1191
73 501
73 74
73 775
1069 1070
1069 677
677 667
677 1026
1191 74
1191 2251
1191 2500
501 972
501 1056
1515 392
1515 2390
1997 1996
1997 2765
661 180
661 1523
731 732
1226 1225
139 714
1819 1557
2289 2525
276 190
276 1453
276 2541
517 516
632 2423
644 225
644 406
644 145
741 188
741 1469
741 777
1024 1737
1085 673
1085 1431
1085 1603
1085 2032
1085 2492
1443 667
1443 692
1443 1442
1520 188
1520 595
1520 1610
188 189
1887 2233
2065 228
228 229
228 2505
2148 2149
2242 1315
304 938
304 662
304 1511
304 1797
304 2193
304 305
304 791
371 372
371 764
460 459
460 474
640 639
750 1138
750 565
24 25
225 1255
225 1646
225 1662
1789 76
1789 511
2265 2164
360 1446
360 1983
678 543
264 1950
998 2149
2256 1536
2256 1643
2256 2189
2256 2393
2492 466
275 1306
275 875
275 734
275 2006
275 504
296 1306
296 875
847 1820
936 1147
580 581
657 1397
156 1258
156 2252
1689 342
1689 792
1537 2064
249 1862
249 2275
249 2276
249 2432
722 1046
1939 1940
1940 2337
605 1365
605 606
209 1458
209 63
209 1131
209 1710
209 2036
209 2059
381 1248
381 1667
550 1270
550 1733
876 947
876 1285
876 1837
876 2552
1119 1195
1165 1637
1165 777
1165 1901
1165 1902
1269 221
1079 57
1079 2232
1079 2675
1079 2709
25 2427
1397 2202
27 1509
27 1763
27 2511
1509 1614
1509 1931
1729 1931
1763 1614
1763 2740
2202 1315
1315 1316
1315 2050
28 1171
28 1781
168 2155
465 464
465 1161
465 1604
465 2169
1434 1435
2083 2169
959 1138
1569 2374
1752 1751
2220 2221
51 2711
56 57
1138 42
1138 548
1138 597
1138 938
1138 962
1138 989
1138 1031
1138 1142
1138 1352
1389 539
57 1340
57 406
112 1002
338 337
338 1718
541 121
541 540
541 1902
541 1956
673 160
673 347
673 406
673 616
673 1080
673 1168
737 821
737 738
737 1365
738 821
738 1365
1034 55
1034 979
1034 1035
1034 1080
1034 1361
989 2503
989 565
1031 565
1031 2180
1174 1347
1174 811
1174 1172
1174 2103
1174 2104
1174 2353
1174 2461
1813 2022
250 251
250 1347
250 2654
564 1886
564 2026
564 2055
564 565
903 1124
903 1675
903 2644
903 2727
1646 141
1646 2035
1646 2442
55 467
231 1803
231 2307
1063 1158
1063 2006
1349 1757
1480 1535
2137 2401
2178 2311
2399 1294
2399 1945
2399 1514
2425 1475
2445 1492
456 2615
569 1559
576 575
682 683
742 976
828 827
204 406
204 63
204 1048
1361 1362
1482 406
1510 1302
1705 2395
1705 2451
2016 406
2016 145
2079 406
307 406
467 466
246 86
246 305
246 864
160 41
160 1188
160 190
160 708
160 922
1391 1270
1391 1360
1391 1779
1391 2332
919 1131
919 2729
631 756
631 2504
976 977
976 1404
1005 1001
1005 1004
86 1637
86 1181
86 1845
86 2460
86 947
1081 458
1081 986
1081 1045
1081 1466
1081 1838
1081 2003
1081 2228
1081 2231
1081 2441
1081 2780
1194 808
1194 1826
1312 662
1312 1750
1312 2211
1326 622
1326 1327
1359 1358
1365 2113
1563 1564
1627 617
1627 1947
1627 2553
1627 2721
1637 2290
1919 1775
2396 1949
520 1258
520 1707
672 2324
986 1045
986 1466
986 1620
763 1814
2364 199
305 1206
864 863
864 1652
864 1991
864 2020
864 2304
1862 1863
2432 1863
2432 2561
375 1041
375 84
1123 84
1123 1267
1123 1769
1123 1783
1144 1306
1831 1633
1066 2435
121 1348
121 1469
121 1470
121 777
101 531
101 616
1920 1921
616 347
616 579
616 2237
616 1028
616 1246
616 1322
616 2010
616 2505
616 746
674 461
674 1551
938 1556
938 2279
938 2370
1497 64
471 1161
471 724
700 309
700 1077
700 807
364 176
364 1157
364 365
859 860
41 125
41 1498
41 1543
41 347
41 42
41 484
41 495
41 579
41 686
1131 125
1131 1498
1131 686
1131 253
1131 1772
1131 2069
141 2336
141 2362
141 2690
1262 145
176 1347
176 2503
972 754
972 971
1700 658
1458 1459
397 398
518 519
531 253
531 530
531 1095
402 218
559 1623
579 1168
579 1233
63 1543
549 548
1783 434
1783 401
1857 543
58 1080
58 1713
58 2341
58 497
58 59
84 1593
84 1806
84 199
84 2509
84 434
84 756
983 984
1012 1057
1012 2600
1168 347
1168 1483
1188 1187
1188 1336
1188 2375
1188 2611
1232 1233
1665 2741
374 373
431 946
777 1581
777 778
2032 875
2032 2717
1258 937
2252 1435
342 343
342 1222
342 1328
342 2422
342 2638
342 561
792 791
2142 2141
2004 747
2004 2450
747 186
747 2357
747 748
1134 827
1731 589
1731 1730
1247 362
1247 2133
519 1124
273 2206
273 274
602 603
662 452
662 454
662 868
64 1405
64 457
480 1999
1886 2045
573 1517
573 574
1336 474
1336 1195
347 1080
347 1483
347 484
2133 868
869 868
869 953
1984 1985
491 735
251 2480
962 1747
1080 1453
38 1630
1055 916
1055 1056
1210 69
1210 1211
185 1465
252 1551
252 1826
252 253
252 2774
2336 1675
754 753
1446 979
1143 891
2144 2544
588 1659
588 2230
588 589
588 622
109 2162
401 368
401 1411
1270 186
1270 1271
606 2146
461 462
1551 424
548 1374
1001 2365
798 1181
798 1998
798 955
646 958
646 1368
1268 612
1268 2096
2151 1465
612 2096
1498 2018
1543 1953
708 1133
2010 702
2033 2120
472 2549
472 2712
597 565
1142 2026
1352 2026
1352 565
1004 2384
982 979
1132 1133
2209 2070
1218 1139
1218 1141
1218 1748
186 1360
186 187
186 1779
589 1139
75 343
75 76
1937 1203
1937 2659
1214 1213
516 512
516 1681
1595 1056
1595 811
1595 1699
2169 469
131 2509
131 434
131 300
131 543
199 1806
199 1589
199 2104
199 2474
199 434
2190 434
1699 2191
180 1306
180 181
180 875
434 1575
434 1839
434 2076
434 2263
434 2382
1435 1161
1435 1748
1435 2204
1435 2530
1507 132
1507 2466
1575 1589
1575 345
1575 1588
1575 2225
2330 132
2330 1970
2330 2496
543 482
543 2076
543 2263
543 2382
543 2426
543 2681
424 105
424 1223
424 1717
424 441
1826 837
406 405
406 979
406 1297
406 2318
406 2363
406 626
406 735
406 832
1409 1408
1417 1416
452 1282
452 1526
452 2433
452 636
2542 1871
699 1847
699 1890
904 2186
2186 2177
1126 1843
1633 1632
1633 1723
667 1442
667 2166
667 2450
667 2614
667 2639
667 2646
667 2647
667 2651
667 2657
979 1453
979 980
1495 1496
2490 1116
2490 2309
2070 2071
2089 2090
367 366
1527 344
1634 145
466 435
466 1690
466 1691
466 937
1827 1243
1827 1244
421 1607
421 1978
405 1625
1438 2210
1612 2377
482 1999
457 1598
1041 1042
1469 1470
2286 2416
1743 1485
1743 2676
2013 827
2013 1748
2013 1901
68 69
69 1196
69 1485
69 1728
373 1943
1196 1197
1522 679
2193 1512
2541 1664
984 1452
1556 2348
71 1084
71 1092
71 72
1084 72
1084 1092
1092 72
132 1970
132 2496
2086 2496
2086 2163
2086 2484
2251 2073
1770 964
76 2039
76 2075
958 1835
2277 933
2075 2559
2159 2160
1195 991
653 654
653 933
933 2732
1045 1324
1045 1466
1466 1500
1745 1746
706 2395
807 808
322 441
322 1116
1116 1118
1523 2428
1523 2656
1806 344
1806 345
1769 2204
1769 2530
1692 1998
1692 1964
344 2609
344 345
2104 1173
2076 1894
2076 2475
1057 1058
947 808
947 1285
1181 782
1181 1923
1181 2153
1181 2704
782 2704
1734 1775
1915 2710
258 964
258 2264
841 710
841 842
1285 1977
1324 1325
1324 1605
1324 2564
2634 2635
1224 2772
2579 2578
730 540
1471 2583
1921 2440
1028 2136
1028 2239
1246 1928
1246 2239
215 214
1002 937
1002 1003
1002 1306
1002 2123
475 476
104 105
104 619
105 441
619 2090
1073 1072
1037 1127
851 1706
1223 436
1223 2354
1223 2383
436 1306
436 220
436 435
436 1690
436 1691
1681 1679
1681 1680
1883 2699
1306 1307
1306 1308
1306 2123
1161 1988
1513 1294
1513 1514
1077 1735
1077 2138
263 262
263 1802
262 2642
1622 1621
2199 2428
2199 2682
1739 1740
1739 1843
1739 2314
1739 2576
2314 2759
1902 1508
1956 1957
1956 2240
1581 1442
1581 1580
1581 2412
1581 2470
2476 2580
1970 2537
2296 2297
2377 2761
916 2117
916 917
916 929
916 934
2247 2691
2621 2691
458 481
1838 1200
2231 1325
2113 942
2113 2562
2164 1707
2203 145
2203 1913
512 2227
1974 1975
134 1294
134 1945
1294 1514
1294 1945
1294 2534
1294 2535
1664 1663
953 1749
942 1275
942 943
942 1139
942 1678
942 2550
942 2562
1871 2550
145 144
145 2233
145 2623
2095 692
2035 2026
218 1275
218 943
1173 1347
1173 811
1173 1172
1173 2103
1173 2353
1173 2461
1430 1429
1430 1879
1913 1448
1139 1140
1139 1141
1748 1749
2638 2745
1307 221
1449 1448
1957 2749
1560 1559
1560 2652
1500 514
1500 1499
221 220
1812 1643
1812 2189
2666 2667
1843 1881
1347 1157
683 1186
1442 2166
1442 2657
229 2756
1511 1512
791 1512
679 1746
679 2347
1512 1518
435 1690
435 1691
435 2085
435 2762
1157 1156
1585 2107
181 1163
875 1656
1163 1164
1656 1657
1656 2214
2026 2435
1963 1964
2055 2158
214 1130
1275 1284
220 1850
2166 1580
2166 2657
977 2598
366 2136
366 2633
2387 1213
2020 2403
2020 2577
2304 493
2258 2257
2561 898
964 963
1535 1824
2401 2572
2401 2703
1475 955
1475 1476
1475 2340
1475 2491
1492 1493
575 779
1643 1644
1240 1241
2206 274
278 2471
842 1565
2450 1801
2395 2451
2241 1448
392 391
392 2414
392 539
2390 2389
2390 2770
2225 2281
2557 2724
1897 1816
2332 2331
1411 1410
391 539
539 1618
539 1771
539 2645
2530 2598
2530 2531
1958 1959
2659 2733
1243 1244
1243 1686
1243 1922
1244 1686
1244 1922
1842 1577
1842 1844
636 635
635 2768
2120 2121
464 469
493 494
1679 1680
1847 1890
2146 2585
1605 2051
1605 2564
2239 1928
728 1858
728 1906
728 2391
728 2660
728 2705
2112 2111
1015 2254
898 899
1476 2301
1448 1457
1448 2011
1448 2125
1448 2556
991 992
2197 2198
1200 1201
1200 1202
2309 2308
1201 1202
1201 2344
2344 2343
1577 1578
1577 1579
1578 1844
1723 1724
